Homme;Femme;Enfant;Garsson;Fille
76017955;78066234;74642612;72208124;70877699
76824273;78564242;74322710;72437477;70517923
76070640;78178352;74197775;72525830;70166981
76196582;78079459;74289336;72283821;70744699
76952415;78409995;74787494;72177804;70019870
76976535;78195004;74608364;72705703;70952082
76744086;78466152;74089780;72039081;70203196
76400573;78941970;74152617;72718216;70248683
76425695;78954443;74545977;72355249;70234677
76061476;78725256;74797606;72219930;70026790
76306955;78952774;74350605;72805497;70643162
76167280;78059163;74912606;72517313;70811721
76675510;78475853;74889465;72214532;70448345
76595468;78051934;74533636;72612380;70749074
76698646;78720255;74941218;72519332;70487462
76637144;78425523;74038102;72316837;70539773
76854882;78840530;74074460;72289106;70830914
76414568;78454137;74364778;72028295;70086188
76186141;78005486;74089930;72013807;70529036
76898320;78139407;74531089;72435564;70742129
76634736;78873332;74627438;72157504;70664795
76538685;78650308;74727627;72238067;70790141
76959059;78627083;74179208;72485008;70648249
76178031;78220184;74154697;72975358;70030355
76918232;78666490;74213945;72957766;70711131
76968021;78349652;74231915;72692440;70451015
76119180;78761315;74727952;72394540;70406332
